0.2662    19 19
 0.2605    45 45
 0.2524    47 47
 0.2469    59 59
 0.2468     4 4
 0.2435    11 11
 0.2422    31 31
 0.2416    51 51
 0.2413    54 54
 0.2408    62 62
 0.2381     3 3
 0.2372    20 20
 0.2367    60 60
 0.2347    29 29
 0.2343    52 52
 0.2336    53 53
 0.2333    27 27
 0.2308    28 28
 0.2306    43 43
 0.2282    63 63
 0.2274    21 21
 0.2232    46 46
 0.2186    18 18
 0.2127    15 15
 0.212     37 37
 0.2118    30 30
 0.2084    44 44
 0.2062    34 34
 0.2051     6 6
 0.2039    35 35
 0.2009    39 39
 0.2008    23 23
 0.2001    14 14
 0.1992    55 55
 0.1976    10 10
 0.1932    61 61
 0.1916    26 26
 0.1912    36 36
 0.1846    38 38
 0.1822    13 13
 0.181      5 5
 0.17       7 7
 0.1685    42 42
 0.1631    22 22
 0.1469    64 64
 0.1266    12 12
 0.1168    56 56
 0.113      2 2
 0.1129    58 58
 0.111     16 16
 0.1039    50 50
 0.0804     8 8
 0.0617    24 24
 0.0591    48 48
 0          9 9
 0         32 32
 0         17 17
 0         25 25
 0         57 57
 0         49 49
 0         41 41
 0         40 40
 0         33 33
 0          1 1